lema_unigram.nb <- c(0.723,0.729,0.723,0.710,0.700,0.716,0.701,0.693,0.679)
feq_lema_unigram.nb <- c(0.741,0.716,0.715,0.725,0.715,0.721,0.697,0.686,0.682)
lema_unigram.svm <- c(0.678,0.674,0.668,0.668,0.671,0.686,0.669,0.660,0.649)
feq_lema_unigram.svm <- c(0.669,0.668,0.676,0.676,0.662,0.649,0.657,0.660,0.655)
lema_unigram.terms<- c(2178,1588,1250,1031,881,748,682,623,560)
stems_unigram.nb <- c()
feq_stem_unigram.nb <- c(0.734,0.718)
stem_unigram.terms<- c()


F-Measure = 0.7743616376220706    6
F-Measure = 0.7639521251759362	  2
F-Measure = 0.7732560089060572 	  4	
	